n= 11921 

node), split, n, loss, yval, (yprob)
      * denotes terminal node

   1) root 11921 3719 0 (0.6880295 0.3119705)  
     2) BPWC_add< 0.9400092 5586  469 0 (0.9160401 0.0839599) *
     3) BPWC_add>=0.9400092 6335 3085 1 (0.4869771 0.5130229)  
       6) BPWC_add< 1.452436 4048 1592 0 (0.6067194 0.3932806)  
        12) BPWC_dif>=-0.05606854 731  130 0 (0.8221614 0.1778386) *
        13) BPWC_dif< -0.05606854 3317 1462 0 (0.5592403 0.4407597)  
          26) BPWC_add< 1.046223 1795  652 0 (0.6367688 0.3632312)  
            52) BPWC_dif>=-0.5983153 361   75 0 (0.7922438 0.2077562) *
            53) BPWC_dif< -0.5983153 1434  577 0 (0.5976290 0.4023710)  
             106) BPWC_add< 1.012397 1072  404 0 (0.6231343 0.3768657) *
             107) BPWC_add>=1.012397 362  173 0 (0.5220994 0.4779006)  
               214) BPWC_dif>=-0.6862478 131   51 0 (0.6106870 0.3893130) *
               215) BPWC_dif< -0.6862478 231  109 1 (0.4718615 0.5281385)  
                 430) BPWC_mul< 0.128272 149   71 0 (0.5234899 0.4765101) *
                 431) BPWC_mul>=0.128272 82   31 1 (0.3780488 0.6219512) *
          27) BPWC_add>=1.046223 1522  712 1 (0.4678055 0.5321945)  
            54) BPWC_add< 1.280757 1184  578 0 (0.5118243 0.4881757)  
             108) BPWC_dif>=-0.4038679 189   51 0 (0.7301587 0.2698413) *
             109) BPWC_dif< -0.4038679 995  468 1 (0.4703518 0.5296482)  
               218) BPWC_dif>=-0.5397735 253  115 0 (0.5454545 0.4545455)  
                 436) BPWC_add< 1.132186 93   29 0 (0.6881720 0.3118280) *
                 437) BPWC_add>=1.132186 160   74 1 (0.4625000 0.5375000) *
               219) BPWC_dif< -0.5397735 742  330 1 (0.4447439 0.5552561)  
                 438) BPWC_add>=1.052404 682  310 1 (0.4545455 0.5454545)  
                   876) BPWC_dif>=-0.67177 393  191 1 (0.4860051 0.5139949)  
                    1752) BPWC_add< 1.200097 336  164 0 (0.5119048 0.4880952)  
                      3504) BPWC_add>=1.071573 276  129 0 (0.5326087 0.4673913)  
                        7008) BPWC_dif< -0.5848571 215   93 0 (0.5674419 0.4325581) *
                        7009) BPWC_dif>=-0.5848571 61   25 1 (0.4098361 0.5901639) *
                      3505) BPWC_add< 1.071573 60   25 1 (0.4166667 0.5833333) *
                    1753) BPWC_add>=1.200097 57   19 1 (0.3333333 0.6666667) *
                   877) BPWC_dif< -0.67177 289  119 1 (0.4117647 0.5882353) *
                 439) BPWC_add< 1.052404 60   20 1 (0.3333333 0.6666667) *
            55) BPWC_add>=1.280757 338  106 1 (0.3136095 0.6863905) *
       7) BPWC_add>=1.452436 2287  629 1 (0.2750328 0.7249672)  
        14) BPWC_dif>=0.1314388 475  232 0 (0.5115789 0.4884211)  
          28) BPWC_dif>=0.2296586 154   50 0 (0.6753247 0.3246753) *
          29) BPWC_dif< 0.2296586 321  139 1 (0.4330218 0.5669782)  
            58) BPWC_add< 1.714886 240  116 1 (0.4833333 0.5166667)  
             116) BPWC_dif< 0.2034445 185   89 0 (0.5189189 0.4810811)  
               232) BPWC_mul< 0.6485505 85   35 0 (0.5882353 0.4117647) *
               233) BPWC_mul>=0.6485505 100   46 1 (0.4600000 0.5400000) *
             117) BPWC_dif>=0.2034445 55   20 1 (0.3636364 0.6363636) *
            59) BPWC_add>=1.714886 81   23 1 (0.2839506 0.7160494) *
        15) BPWC_dif< 0.1314388 1812  386 1 (0.2130243 0.7869757)  
          30) BPWC_mul< 0.6791123 748  223 1 (0.2981283 0.7018717)  
            60) BPWC_dif>=-0.003365113 261  128 1 (0.4904215 0.5095785)  
             120) BPWC_dif>=0.07004274 107   41 0 (0.6168224 0.3831776) *
             121) BPWC_dif< 0.07004274 154   62 1 (0.4025974 0.5974026)  
               242) BPWC_add< 1.595079 87   41 0 (0.5287356 0.4712644) *
               243) BPWC_add>=1.595079 67   16 1 (0.2388060 0.7611940) *
            61) BPWC_dif< -0.003365113 487   95 1 (0.1950719 0.8049281) *
          31) BPWC_mul>=0.6791123 1064  163 1 (0.1531955 0.8468045) *
