n=17031
events=774
horizon_y=9.5
mean_auc=0.8129
std_auc=0.0179
fold_aucs=[0.8307272644265886, 0.8377388796297096, 0.8021777363956135, 0.792635777845965, 0.801269098287975]
