n=13836
events=13
horizon_y=5.0
mean_auc=0.8490
std_auc=0.0858
fold_aucs=[0.928391507736596, 0.8835507246376813, 0.7042270531400965, 0.8799951708318242]
