n=13836
events=45
horizon_y=10.0
mean_auc=0.7875
std_auc=0.0602
fold_aucs=[0.8454785954785954, 0.7351296958855099, 0.7071843251088534, 0.8621708480199046, 0.787416817906836]
