n=13836
events=73
horizon_y=5.0
mean_auc=0.7736
std_auc=0.0754
fold_aucs=[0.6505531505531505, 0.7446823956442831, 0.8585957408081544, 0.7685284640171859, 0.8458441184929536]
