n=17031
events=171
horizon_y=9.5
mean_auc=0.8133
std_auc=0.0265
fold_aucs=[0.8323453335029469, 0.7996637990705033, 0.8334767507353401, 0.7670232134729176, 0.8339409405760116]
