n=17031
events=394
horizon_y=5.0
mean_auc=0.7847
std_auc=0.0207
fold_aucs=[0.7897820505395649, 0.805208440404693, 0.785168320052041, 0.7976464791935116, 0.7457066526189042]
