n=17031
events=48
horizon_y=10.0
mean_auc=0.7929
std_auc=0.0456
fold_aucs=[0.7161839306169203, 0.8521054181389871, 0.7997295968534907, 0.7770290067389394, 0.8195973398097919]
