n=13836
events=72
horizon_y=14.5
mean_auc=0.8277
std_auc=0.0257
fold_aucs=[0.8392865750783322, 0.8031365217842863, 0.8052526354053072, 0.8721872888842697, 0.8185828390329557]
