n=17031
events=75
horizon_y=14.5
mean_auc=0.7987
std_auc=0.0527
fold_aucs=[0.7033550348206792, 0.8013906447534767, 0.8175931401537552, 0.8649593973192446, 0.806427200236267]
