n=17031
events=81
horizon_y=5.0
mean_auc=0.7912
std_auc=0.0412
fold_aucs=[0.7329746462264151, 0.8042687125012294, 0.7593834038884671, 0.851579600771015, 0.8075901672832921]
