n=17031
events=16
horizon_y=5.0
mean_auc=0.7871
std_auc=0.1037
fold_aucs=[0.7584043908654318, 0.9219837302754093, 0.7163968207241684, 0.6486249268578116, 0.8899352560329606]
